-13.762275164994207
-13.329858752609653
-13.296049363958446
-19.86187901907215
-19.701096528317066
-19.660429450779702
-19.579439832119533
-18.595475675914713
-18.558648198695664
-19.41195072258961
-19.372090527971523
-12.574466349547947
-21.95978734100936
-22.668750856515544
-23.74156763521387
-8.270992667221435
-8.990042452338457
-8.517390604471075
-2.8337263426819845
-2.836984259311066
-2.8402306478128594
75.24737251794613
16.93348032666654
12.687685669394341
12.66287335740526
12.613334548872444
14.596089571703487
14.568875855862643
14.514542037446517
15.326530228494448
27.15590372582119
6.248932540907845
6.23183887574487
8.38542150401372
13.796276734257845
12.879202555897791
12.828652949734533
78.2974721654191
78.14340210944465
92.25710134876135
90.1579663499706
85.84588409350363
85.5144849419994
78.88225456117289
78.80439543798275
78.64883264580749
70.54515214857383
72.41845860224021
73.69497708995368
73.54680538965113
77.36366922736124
78.32473386250058
87.87001219282502
87.20235958109879
114.07279351287616
85.04074159764423
68.39791069086277
66.26658793528077
47.598630518677965
45.51860332978504
45.31889467812289
45.95435727672884
38.38385463234954
29.30414168554671
13.958451970012902
44.088154138346
44.03356211479513
48.90541904116435
48.847566485250354
52.124464873370016
39.66367567049201
-63.99846580961275
575.5738385658133
575.5344483579174
582.220380685405
585.3390650067322
585.3390650067322
593.3147366068788
593.3147366068788
579.3173533124154
579.2357615798355
584.5444260778786
495.3054657604225
495.03327501227614
513.3791171488283
314.13190798490905
197.00857711017125
313.0745912892871
310.73327588438224
308.4563393608496
246.3259194526745
246.33822903058353
240.97394378385434
533.929067262734
540.3739573443672
744.5915485731657
744.5396023194389
802.1286857136802
781.8092288082735
777.1878731513989
521.9646141584071
536.0401346182807
536.0078985471137
547.787637504869
557.0367101948577
542.0457231150376
528.7173288956892
522.719604466678
530.8988281117636
530.8988281117636
521.6363047703744
459.9042302144626
449.84146415950454
425.61479986412996
467.18955898135573
443.56762073425307
427.5657709522293
426.7469338512001
436.42166079589515
428.43979450355255
360.7730971362362
360.75428975521754
329.7893384172821
-90.44801438572904
-146.0490723395851
-84.913978850469
-143.24407437207083
-143.21912508426067
-150.88857745090718
-151.15167499537347
-151.15167499537347
-161.54865196539686
-150.24903878790974
-136.1688513302779
-88.8735731013403
-109.71837181248702
-109.69615629163854
-80.05356974177448
-86.36870060185902
-84.23743796017152
-151.88978428694645
[-863.96992658 -863.79612797 -863.62232937 ...   70.89276044   71.06655904
   71.24035764]
[-867.81132397 -867.63751602 -867.46370807 ...   67.27545245   67.4492604
   67.62306835]
[-873.57549571 -873.40153112 -873.22756653 ...   62.3539756    62.52794019
   62.70190477]
[-905.09926681 -904.9250511  -904.75083539 ...   32.35548249   32.5296982
   32.70391391]
[-894.71074775 -894.5364793  -894.36221085 ...   43.20205857   43.37632703
   43.55059548]
[-894.71074775 -894.5364793  -894.36221085 ...   43.20205857   43.37632703
   43.55059548]
[-894.59930082 -894.42497537 -894.25064993 ...   43.62024324   43.79456869
   43.96889413]
[-916.45088926 -916.27617535 -916.10146144 ...   24.20880876   24.38352267
   24.55823658]
[-916.45088926 -916.27617535 -916.10146144 ...   24.20880876   24.38352267
   24.55823658]
[-916.45088926 -916.27617535 -916.10146144 ...   24.20880876   24.38352267
   24.55823658]
[-926.18942539 -926.01456905 -925.83971272 ...   15.23707303   15.41192937
   15.5867857 ]
[-926.1496446  -925.97475228 -925.79985996 ...   15.47061919   15.64551151
   15.82040384]
[-955.46276272 -955.28762465 -955.11248658 ...  -12.34425803  -12.16911996
  -11.9939819 ]
[-941.06643865 -940.89122057 -940.71600249 ...    2.48293642    2.6581545
    2.83337258]
